Horns Rev
0
Wind Tunnel
1
BL Height (WindTunnel, m)
1
c_alfa Eq.(13)
1
Number of Turbines
80
Geostrophic Wind Speed (or U(\delta) for Wind Tunnel) (m/s)
10
Ground Roughness Height (m)
0.0002
Turbine Diameter (m)
80
Turbine Hub Height (m)
70
Sx (m)
560
Sy (m)
560
Fraction From U_{h,fd} when calculate ambient U_{a,fd}. gamma in Eq.(7)
0.5
Location IBL starts developing. x_{sd} in Eq.(3) 
0
Beta in Eq.(10)
0.7
Tubine information
x	y	a	row#
 4.23972752043597e+005    6.15145192307692e+006 0.282 1 
 4.24029972752044e+005    6.15089423076923e+006 0.282 1
 4.24087193460490e+005    6.15033653846154e+006 0.282 1
 4.24153950953678e+005    6.14977884615385e+006 0.282 1
 4.24211171662125e+005    6.14922115384615e+006 0.282 1
 4.24268392370572e+005    6.14866346153846e+006 0.282 1
 4.24325613079019e+005    6.14810576923077e+006 0.282 1
 4.24382833787466e+005    6.14754807692308e+006 0.282 1
 4.24535422343324e+005    6.15145192307692e+006 0.282 2
 4.24592643051771e+005    6.15089423076923e+006 0.282 2
 4.24649863760218e+005    6.15033653846154e+006 0.282 2
 4.24707084468665e+005    6.14977884615385e+006 0.282 2
 4.24773841961853e+005    6.14922115384615e+006 0.282 2
 4.24831062670300e+005    6.14866346153846e+006 0.282 2
 4.24888283378747e+005    6.14810576923077e+006 0.282 2
 4.24945504087193e+005    6.14754807692308e+006 0.282 2
 4.25088555858311e+005    6.15145192307692e+006 0.282 3
 4.25155313351499e+005    6.15089423076923e+006 0.282 3
 4.25212534059945e+005    6.15033653846154e+006 0.282 3
 4.25269754768392e+005    6.14977884615385e+006 0.282 3
 4.25326975476839e+005    6.14922115384615e+006 0.282 3
 4.25384196185286e+005    6.14866346153846e+006 0.282 3
 4.25450953678474e+005    6.14810576923077e+006 0.282 3
 4.25508174386921e+005    6.14754807692308e+006 0.282 3
 4.25651226158038e+005    6.15145192307692e+006 0.282 4
 4.25717983651226e+005    6.15089423076923e+006 0.282 4
 4.25765667574932e+005    6.15033653846154e+006 0.282 4
 4.25832425068120e+005    6.14977884615385e+006 0.282 4
 4.25889645776567e+005    6.14923076923077e+006 0.282 4
 4.25946866485014e+005    6.14866346153846e+006 0.282 4
 4.26004087193460e+005    6.14810576923077e+006 0.282 4
 4.26070844686649e+005    6.14754807692308e+006 0.282 4
 4.26213896457766e+005    6.15145192307692e+006 0.282 5
 4.26271117166213e+005    6.15089423076923e+006 0.282 5
 4.26328337874659e+005    6.15033653846154e+006 0.282 5
 4.26395095367847e+005    6.14977884615385e+006 0.282 5
 4.26452316076294e+005    6.14922115384615e+006 0.282 5
 4.26509536784741e+005    6.14866346153846e+006 0.282 5
 4.26566757493188e+005    6.14810576923077e+006 0.282 5
 4.26623978201635e+005    6.14754807692308e+006 0.282 5
 4.26776566757493e+005    6.15145192307692e+006 0.282 6
 4.26833787465940e+005    6.15089423076923e+006 0.282 6
 4.26891008174387e+005    6.15033653846154e+006 0.282 6
 4.26948228882834e+005    6.14977884615385e+006 0.282 6
 4.27005449591281e+005    6.14922115384615e+006 0.282 6
 4.27072207084469e+005    6.14866346153846e+006 0.282 6
 4.27129427792916e+005    6.14810576923077e+006 0.282 6
 4.27186648501362e+005    6.14754807692308e+006 0.282 6
 4.27329700272480e+005    6.15145192307692e+006 0.282 7
 4.27396457765668e+005    6.15089423076923e+006 0.282 7
 4.27453678474114e+005    6.15033653846154e+006 0.282 7
 4.27510899182561e+005    6.14977884615385e+006 0.282 7
 4.27568119891008e+005    6.14922115384615e+006 0.282 7
 4.27634877384196e+005    6.14866346153846e+006 0.282 7
 4.27682561307902e+005    6.14810576923077e+006 0.282 7
 4.27749318801090e+005    6.14754807692308e+006 0.282 7
 4.27892370572207e+005    6.15145192307692e+006 0.282 8
 4.27949591280654e+005    6.15089423076923e+006 0.282 8
 4.28006811989101e+005    6.15033653846154e+006 0.282 8
 4.28064032697548e+005    6.14977884615385e+006 0.282 8
 4.28130790190736e+005    6.14922115384615e+006 0.282 8
 4.28188010899183e+005    6.14866346153846e+006 0.282 8
 4.28245231607629e+005    6.14810576923077e+006 0.282 8
 4.28302452316076e+005    6.14754807692308e+006 0.282 8
 4.28455040871935e+005    6.15145192307692e+006 0.282 9
 4.28512261580381e+005    6.15089423076923e+006 0.282 9
 4.28569482288828e+005    6.15033653846154e+006 0.282 9
 4.28626702997275e+005    6.14977884615385e+006 0.282 9
 4.28683923705722e+005    6.14922115384615e+006 0.282 9
 4.28750681198910e+005    6.14866346153846e+006 0.282 9
 4.28807901907357e+005    6.14810576923077e+006 0.282 9
 4.28865122615804e+005    6.14754807692308e+006 0.282 9
 4.29008174386921e+005    6.15145192307692e+006 0.282 10
 4.29074931880109e+005    6.15089423076923e+006 0.282 10
 4.29132152588556e+005    6.15033653846154e+006 0.282 10
 4.29189373297003e+005    6.14977884615385e+006 0.282 10
 4.29246594005450e+005    6.14922115384615e+006 0.282 10
 4.29303814713896e+005    6.14866346153846e+006 0.282 10
 4.29361035422343e+005    6.14810576923077e+006 0.282 10
 4.29427792915531e+005    6.14754807692308e+006 0.282 10
